83640967
83554484
83879511
83697242
83673156
83644662
83637766
83571660
66738827
66433039
948617
61912074
57287258
66605940
64297523
66716531
64021088
60890125
56528340
75278758
55530871
45052148
29593696
66385138
45794051
31490105
3787772
75169620
64073663
61601359
61510683
57907675
57647193
57267703
56593727
56331962
29764750
9733024
1184210
66843065
58049072
57977753
64338776
79508437
78397148
77329703
77284133
77278090
76529110
75504141
75203253
73728709
71017358
69701145
69636979
69530580
68848879
68606163
67521250
66891710
66681978
66671987
66429144
66394753
66271794
61869637
61799256
61251606
60945987
58894490
57607177
56884663
55590788
51135708
45124481
25012968
914249
57665285
66686366
66686359
78381186
56618630
45817699
66562178
66645348
61901217
75131969
73801137
72830236
72392823
69484785
68869233
63140372
61791262
61411265
60898005
57315593
57197098
56070646
31925928
69972609
61875619
61304854
24255396
11845330
82549718
72530872
66520302
60550340
45573257
34216713
83313808
83307014
79861584
79820349
78451992
78279418
78233284
78015886
77485557
77323155
77228406
77220103
77193636
77013925
75416008
75280262
75218002
75212531
75138832
75109736
75096759
75062379
75025736
75020688
74948680
73736048
72512935
72407596
70687685
69887416
69859161
69833197
69796104
69757612
69737719
69734183
69619701
69608610
69429397
68843964
68684475
67795340
67521151
67486229
67476237
67451422
67428391
66905114
66825457
66610009
66564337
66502264
66478936
66421994
66412825
66386832
66386535
66367518
66266378
66235762
66223190
66144358
66139874
65791384
65073707
64466226
64310239
64204924
64185367
64089631
63943872
62640716
62640412
62576097
62371241
61905438
61815896
61763949
61637953
61609360
61456253
61426389
61317351
61125718
61049502
60867824
60825253
60681175
58737598
58560818
58128358
58127729
57917761
57664122
57507107
57465669
57378564
57307085
56890337
56418295
56311146
56280393
55849017
55561960
55540221
55495417
51370796
49321461
48976974
47764818
47016519
45955592
45137456
31891541
31847438
31709928
30334356
30320651
29521860
28251598
82208158
69977079
58775808