 83879504
 83873426
 83862512
 83725158
 83673159
 83644665
 83639799
 83637333
 83623165
 83569583
 83554488
 83732238
 83662680
 83661970
 83640964
 83563448
 82890577
 57287253
 78278050
 69716361
 77217250
 72530869
 80703414
 66878967
 77312546
 69734897
 66963403
 66266778
 58063458
 72450366
 69608607
 66715630
 64296864
 64115557
 60898008
 58110110
 50017680
 45817702
 80986351
 75278768
 66825467
 64027695
 58091236
 74302611
 69559508
 69509696
 78229734
 77258916
 75169623
 72994645
 72392820
 69895250
 66738825
 64073668
 57903839
 31926341
 31925915
 69420232
 67467910
 66842342
 58046735
 56624028
 69796832
 82846673
 81710749
 79920164
 79888242
 79810072
 79800246
 79784116
 78420096
 78339581
 78234980
 78084499
 78018300
 78015874
 77446146
 77327387
 77320435
 77283384
 77278087
 77229109
 77220164
 77220100
 77201583
 77134234
 75275369
 75272800
 75215764
 75203256
 75115933
 75086753
 73731242
 72686037
 72403723
 71022254
 71019364
 69886768
 69859158
 69822547
 69739745
 69712344
 69668287
 69667246
 69636982
 69568806
 68849703
 68849523
 68844727
 66891715
 66834617
 66671984
 66610012
 66561498
 66534125
 66478940
 66473593
 66271791
 65073704
 63998050
 62758640
 62576100
 62573515
 61925283
 61907245
 61869634
 61387504
 61251596
 61186941
 61125715
 60945984
 60944994
 60904661
 60766631
 60765416
 60057840
 58529256
 58106290
 58049997
 57979754
 57918616
 57607180
 57042943
 56886532
 56884650
 56578253
 56417888
 55849020
 51135258
 49615772
 31742321
 23430794
 80358298
 80342129
 69651180
 69648625
 42539369
 83039363
 77255095
 56619413
 56618636
 75155479
 64332932
 61764833
 61691598
 56856630
 78368500
 78358427
 77846225
 72464997
 69663949
 66641886
 64205835
 61901586
 56311136
 56310624
 35767445
 82550555
 78203476
 77261104
 76050693
 76050330
 76044288
 73801134
 72830239
 72406942
 69561211
 68870972
 68869251
 63140375
 61791265
 61411273
 57315585
 56996531
 56653432
 56070643
 45794054
 29934419
 29814150
 29798363
 65403771
 65401782
 61877806
 61875622
 56590856
 75131972
 45572962
 83307018
 82269257
 82195540
 82145619
 80802582
 80342830
 79915534
 79914560
 79868869
 79861592
 79830984
 79820345
 79806420
 79784655
 79511874
 79233831
 78510997
 78509934
 78503558
 78451995
 78397143
 78379210
 78376952
 78324485
 78233294
 78216137
 78211523
 78176495
 78160965
 78129960
 78126752
 78119192
 78104001
 78018306
 78017254
 77475821
 77475652
 77474851
 77332514
 77257847
 77256911
 77208853
 77193696
 77017167
 77013928
 77010869
 76998532
 75416005
 75217994
 75212528
 75141916
 75125997
 75021727
 74913077
 74911706
 74305320
 74186373
 73736051
 73728712
 73002180
 72759213
 72512938
 72437775
 72424573
 72385546
 71955317
 71636638
 71516339
 71017348
 71016879
 70909638
 70583539
 69882620
 69881506
 69880968
 69803102
 69756887
 69702583
 69661523
 69642024
 69641859
 69640973
 69619698
 69530947
 69514950
 69484788
 69429400
 69280956
 69280331
 68875669
 68849705
 68685226
 68608840
 68214962
 67795332
 67523997
 67521162
 67518782
 67486237
 67476249
 67428383
 67036529
 66905117
 66872939
 66872540
 66871249
 66681968
 66619692
 66605265
 66575712
 66564349
 66531316
 66502270
 66472513
 66429148
 66412822
 66391082
 66235765
 66144350
 66139866
 65791374
 64466229
 64347015
 64343849
 64309277
 64184921
 64051381
 63943863
 63942062
 62640721
 62640420
 62640404
 62575190
 62499019
 62369905
 61815271
 61613457
 61574336
 61506055
 61426381
 61293748
 61260624
 61103192
 61049493
 61000186
 60867834
 60825261
 60681183
 60659821
 58737608
 58722825
 58130352
 58129587
 57967792
 57664119
 57506474
 57465664
 57307095
 57145066
 57132583
 57100643
 57011978
 56890340
 56723751
 56474859
 56314535
 56283021
 56280905
 56280403
 55562374
 55561970
 55540218
 49866271
 49406023
 49393053
 49321473
 48886922
 48886918
 48306724
 47268405
 47016529
 45955584
 44299304
 42455897
 32215571
 31891552
 31889664
 31709925
 31569625
 30334353
 30321767
 29369211
 3919813
 82208153
 82206882
