 83732237
 83725234
 83662679
 83661969
 83640965
 83571243
 83879505
 83673158
 83644664
 83639800
 83554487
 69651179
 77255096
 77258915
 69420233
 82847643
 81709886
 79888241
 78234981
 78119191
 78018301
 77134235
 75272799
 75215763
 73731243
 71019365
 69667427
 69600520
 66892411
 66535837
 62575189
 61506054
 61387503
 61260625
 61078180
 60944995
 57304943
 56886533
 56624029
 56578252
 23430793
 60898007
 66605266
 66561499
 45817701
 75278767
 66825468
 71024085
 66842341
 72392821
 64309276
 61791264
 57903838
 31925916
 58046736
 45794053
 79511875
 78397144
 78084498
 78018307
 78015875
 75203255
 69886769
 69702584
 68849706
 68844728
 68685227
 66905116
 66891714
 66878968
 66671985
 66429147
 66271792
 65073705
 64466228
 64073667
 64027694
 63998049
 61907246
 61869635
 61613458
 61251595
 61125716
 60945985
 60825260
 57607179
 57307096
 57287254
 55849019
 50017679
 58063261
 66963404
 66575713
 58110111
 80986352
 69568807
 58091237
 58063459
 56856629
 78203166
 66738826
 66266777
 57837484
 67467909
 82846675
 82846674
 81710757
 79810071
 79800247
 79784656
 78420097
 78339582
 77201584
 77200455
 75086754
 72686036
 71022255
 69822419
 69668286
 66683595
 66534124
 60808936
 60765417
 60659822
 58106289
 57979755
 56417889
 51135259
 31742320
 31742267
 69648626
 72426317
 68870973
 31926342
 61877805
 34213418
 83039362
 82270889
 82270888
 79233830
 78509935
 78324341
 78132583
 78132050
 77475820
 77474852
 77257846
 77256912
 77200454
 77017166
 76996816
 76050329
 75275370
 75125996
 74911707
 73793823
 73387302
 73002179
 72437776
 71016880
 70909639
 70583538
 69882621
 69642023
 69640974
 69559509
 69280957
 69280332
 68922633
 68849522
 68846365
 67523999
 67426558
 67036530
 66318909
 65403769
 65401783
 64334594
 63942061
 62640403
 62573514
 62369904
 61929273
 61293747
 58721860
 58090741
 57097018
 57096969
 57042942
 57013815
 57011979
 56619412
 56590855
 56474858
 56310625
 56280904
 55562373
 49866270
 83307017
 82550556
 61691597
 64296865
 69734896
 64205836
 61462039
 69484787
 75169622
 73801135
 63140374
 61875621
 56070644
 45572963
 75131971
 69796831
 82269258
 80802583
 79914559
 79861593
 79820346
 78451994
 78379211
 78233295
 77327388
 77320436
 77283383
 77278088
 77229108
 77220101
 77193695
 77013927
 75416006
 75217993
 75212529
 75141915
 75021728
 73736050
 73728711
 72830238
 72530870
 72512937
 72406943
 71017349
 69859159
 69756888
 69739744
 69636981
 69619699
 69608608
 69561212
 69429399
 68869250
 67795331
 67521161
 67486238
 67476250
 67428382
 66715629
 66681967
 66641885
 66610011
 66564350
 66502269
 66478939
 66412823
 66391081
 66235764
 66144349
 66139865
 65791373
 63943864
 62640720
 62640421
 62576099
 61901587
 61815270
 61764834
 61426380
 61411274
 61049492
 60867835
 60681184
 58737609
 58130353
 57918617
 57664120
 57506475
 57465665
 57345362
 57315584
 56890339
 56618635
 56311137
 56280402
 55561969
 55540219
 49321474
 47016528
 45955583
 31891553
 31709926
 30334354
 30321768
 29370024
 64332931
 58290849
 79795164
 78203477
 76050692
 76044287
 69895251
 56653433
 29934495
 29934427
 29815056
 29798359
 82195539
 82145620
 80834461
 80342831
 79868872
 79784115
 78324486
 78322462
 78216139
 78216138
 78211522
 78211521
 78160967
 78160966
 78129962
 78129961
 78128810
 78126751
 78104000
 78103036
 77475651
 77446145
 77332513
 77312545
 77010870
 76998535
 75263255
 75115932
 74938250
 74913076
 74186374
 74185300
 72759214
 72685896
 72450367
 72403724
 69880967
 69822546
 69712343
 69641858
 69530946
 68608841
 67518781
 66872539
 66871250
 66834616
 66686573
 66473592
 66472512
 64347014
 64239017
 64184922
 64115558
 64051380
 62499023
 61574335
 61006801
 58722826
 58129589
 58106453
 58049996
 57967793
 57145065
 56884649
 56314536
 56283020
 49406024
 48886921
 44299305
 42930092
 31569624
 3919814
 82208154
 82206883
