 84017299
 83879506
 83862510
 83725156
 83678179
 83673157
 83662681
 83656539
 83644663
 83642781
 83639801
 83637331
 83596238
 83569585
 83563447
 83554486
 83879507
 83873425
 83732236
 83725157
 83668120
 83661968
 83640966
 83637332
 83623164
 83569584
 83563446
 83554485
 78358428
 69651182
 69648624
 69600525
 77217248
 80703413
 66878970
 58063457
 69734894
 66963402
 66963401
 66266780
 66266779
 58091235
 69796829
 69734895
 66575710
 64296867
 58110696
 58110109
 50017682
 80986350
 80986349
 69608609
 69568804
 64027692
 58091234
 57259032
 78203475
 75272802
 72464996
 69559510
 69509697
 45794052
 78229733
 78229732
 77258914
 75169621
 72830237
 72394881
 66738824
 64073666
 64073665
 57903836
 57259033
 56653430
 56070645
 31926340
 31926339
 31925917
 29814845
 69420230
 67467912
 67467911
 58046738
 56624027
 56624026
 69796830
 82846672
 82846671
 81710748
 79920163
 79920162
 79888244
 79888243
 79800245
 79511876
 78420095
 78339580
 78339579
 78234982
 78119190
 78084497
 78018308
 78018302
 78017255
 78015873
 77446148
 77446147
 77320437
 77312547
 77278089
 77276616
 77255093
 77229107
 77220163
 77220102
 77208852
 77201581
 77134236
 75215762
 75203254
 75086752
 75086751
 73731244
 72686039
 72686038
 72450365
 72450364
 72403722
 71516338
 71022253
 71022252
 71019366
 69886771
 69886770
 69882622
 69859160
 69822549
 69712346
 69668289
 69668288
 69667245
 69667244
 69636980
 69530949
 69530948
 69276391
 68922397
 68849708
 68849707
 68849702
 68849525
 68849524
 68844730
 68844729
 68685229
 67425057
 66892410
 66891713
 66891712
 66825470
 66822312
 66671986
 66648543
 66619694
 66605268
 66534127
 66534126
 66472515
 66429145
 66391080
 66391079
 66271793
 65073706
 64467655
 64467654
 64466227
 64296866
 64027693
 63998818
 63998051
 62758639
 62758638
 62575192
 61925285
 61925284
 61869636
 61868031
 61868030
 61613460
 61613459
 61387502
 61186940
 61125717
 61103194
 61103193
 60945986
 60944992
 60766630
 60765415
 58529258
 58529257
 58106292
 58106291
 58049999
 58049998
 57979753
 57979752
 57918619
 57607178
 57605687
 57605686
 57307098
 57307097
 57042945
 57042944
 56886531
 56886530
 56578251
 56417887
 55849018
 51135257
 51135256
 49866998
 49866997
 49866269
 49615774
 49615773
 49393051
 43163801
 43163800
 31742323
 31742322
 23430796
 23430795
 81378008
 82851443
 83307016
 61622370
 66872938
 57967790
 56996532
 82550558
 57287256
 57287255
 69651181
 69648623
 77217249
 80703600
 72530871
 83039365
 69600524
 65653873
 66878969
 66715628
 56619415
 56618634
 45817700
 75155481
 75155480
 64332934
 64332933
 61764835
 58063456
 56856631
 56764625
 50017681
 78369684
 78369683
 78368501
 78358429
 77846227
 77846226
 75278766
 72464995
 69663948
 69509698
 64205838
 64205837
 61901589
 61901588
 61691599
 56311138
 56310622
 35767864
 35767508
 79795166
 78203474
 77261106
 77261105
 76050694
 76050328
 76044290
 76044289
 73801136
 72994644
 72994643
 72406944
 72394882
 72392822
 69561210
 69560473
 69484786
 68870971
 68870970
 68869249
 68869248
 64309275
 64090679
 64090678
 63140373
 61791263
 61791015
 61791014
 61411276
 61411275
 57903837
 57397992
 57397991
 57315583
 57315582
 56996533
 56946876
 56946875
 56653431
 56206547
 29934421
 29934420
 29798403
 69420231
 65403770
 65401781
 65401780
 61877808
 61877807
 61875620
 56619414
 56590858
 56590857
 82550557
 75131970
 66842340
 66842339
 66605267
 66561500
 60898006
 58046737
 45572965
 45572964
 83307015
 83040040
 83039364
 82270075
 82270074
 82269256
 82195542
 82195541
 82145618
 80802581
 80342829
 79915536
 79915535
 79914561
 79881903
 79868871
 79868870
 79861595
 79861594
 79830983
 79830982
 79820348
 79820347
 79810073
 79806419
 79806418
 79784654
 79784653
 79784117
 79511877
 79233833
 79233832
 78510996
 78510995
 78509933
 78509932
 78503557
 78503556
 78451993
 78397146
 78397145
 78379213
 78379212
 78376951
 78376950
 78324484
 78324483
 78322460
 78233297
 78233296
 78216136
 78216135
 78211525
 78211524
 78176497
 78176496
 78160964
 78160963
 78129959
 78129958
 78126754
 78126753
 78104002
 78103037
 78015872
 78012159
 77475823
 77475822
 77475653
 77474850
 77332516
 77332515
 77327390
 77327389
 77312548
 77283382
 77283381
 77276615
 77271899
 77257849
 77257848
 77256913
 77256105
 77255094
 77229106
 77220162
 77208851
 77201582
 77193694
 77017169
 77017168
 77013926
 77010868
 77010867
 76998534
 76998533
 75525841
 75525840
 75416007
 75275371
 75272801
 75263253
 75217992
 75217991
 75215497
 75215496
 75212530
 75193967
 75193966
 75141914
 75141913
 75125999
 75125998
 75115935
 75115934
 75021730
 75021729
 74938870
 74913079
 74913078
 74911708
 74305319
 74302612
 74186372
 74186371
 73736049
 73733660
 73733659
 73729888
 73728710
 73002182
 73002181
 72759212
 72759211
 72512936
 72437774
 72437773
 72424572
 72424571
 72418728
 72418727
 72406945
 72403721
 72385548
 72385547
 71955316
 71955315
 71771026
 71767455
 71636637
 71636636
 71017350
 71016878
 71016877
 70909637
 70909636
 70583541
 70583540
 70081543
 69895249
 69881508
 69881507
 69880970
 69880969
 69857752
 69822548
 69803104
 69803103
 69756890
 69756889
 69739743
 69739742
 69712345
 69703475
 69702586
 69702585
 69661522
 69661521
 69642026
 69642025
 69641860
 69640972
 69619700
 69568805
 69514951
 69429398
 69412401
 69280955
 69280954
 69280330
 69280329
 68875671
 68875670
 68685228
 68608839
 68608838
 68214961
 68214960
 67795330
 67795329
 67523998
 67521160
 67518783
 67486240
 67486239
 67476252
 67476251
 67428381
 67425056
 67036528
 66905115
 66872937
 66872542
 66872541
 66871248
 66871247
 66834618
 66825469
 66822311
 66715627
 66681966
 66681965
 66648544
 66645778
 66641884
 66619693
 66610010
 66575711
 66564352
 66564351
 66561501
 66531318
 66531317
 66502268
 66502267
 66478938
 66478937
 66473595
 66473594
 66472514
 66429146
 66412824
 66235763
 66144348
 66144347
 66139864
 66139863
 65791372
 65791371
 65077915
 65077914
 64347016
 64343851
 64343850
 64309274
 64184920
 64184919
 64115556
 64115555
 64051382
 63943884
 63943866
 63943865
 63942064
 63942063
 62640719
 62640718
 62640430
 62640423
 62640422
 62640406
 62640405
 62576098
 62575191
 62573517
 62573516
 62499021
 62499020
 62369907
 62369906
 61970306
 61931401
 61931400
 61929272
 61907248
 61907247
 61815269
 61815268
 61764836
 61574338
 61574337
 61506057
 61506056
 61426379
 61426378
 61335297
 61293750
 61293749
 61260623
 61260622
 61251594
 61251593
 61186939
 61049491
 61049490
 61006803
 61000185
 61000184
 60944993
 60904660
 60867837
 60867836
 60825259
 60808934
 60681186
 60681185
 60659820
 60057839
 60057838
 58770055
 58770054
 58737611
 58737610
 58722824
 58561215
 58130355
 58130354
 58129588
 57967791
 57918618
 57664121
 57506477
 57506476
 57465667
 57465666
 57345361
 57345360
 57145068
 57145067
 57132585
 57132584
 57100642
 57100641
 57011977
 57011976
 56890338
 56884651
 56723750
 56723749
 56474861
 56474860
 56417886
 56314534
 56310623
 56283022
 56280907
 56280906
 56280401
 55562376
 55562375
 55561968
 55540220
 49406022
 49406021
 49393052
 49321476
 49321475
 48886923
 48886920
 48306726
 48306725
 47268407
 47268406
 47016527
 45955582
 45955581
 44299303
 42931067
 42931066
 42455896
 42455895
 32215573
 32215572
 31891555
 31891554
 31709927
 31569627
 31569626
 30334355
 30321770
 30321769
 29367953
 3919812
 3919811
 82208156
 82208155
 82206881
 82206880
