 83879512
 83673155
 83644661
 83732234
 83640968
 83554483
 66716532
 60898004
 69734182
 69796103
 69608611
 66825458
 75169619
 72392824
 69895257
 64073662
 31925927
 66843066
 66605941
 66562179
 58049073
 78084495
 78015885
 77329704
 77323156
 77228405
 77220104
 75203252
 75109737
 69887417
 69636978
 68848880
 68684474
 66891709
 66800865
 66671988
 66394754
 66271795
 65073708
 64466225
 64310240
 62576096
 61927029
 61869638
 61609361
 60945988
 57607176
 57207339
 45955591
 66686358
 75278757
 66645347
 66433030
 64204923
 73801138
 72830235
 63140371
 57315592
 45794050
 82549717
 72407597
 61875618
 57907674
 56070647
 72530873
 45573256
 83307013
 79861585
 79820350
 79508438
 78451991
 78397149
 78381187
 78358430
 78233285
 78176498
 77284132
 77278091
 77193635
 77013924
 76050696
 75416009
 75218001
 75215750
 75212532
 75138831
 75131968
 75020687
 74302614
 73736047
 73728708
 72512934
 71516348
 71017359
 70045505
 69859162
 69757613
 69737718
 69701144
 69661532
 69619702
 69509699
 69484784
 69429396
 68875659
 68869232
 68843963
 67795702
 67795339
 67521246
 67486230
 67476238
 67428390
 66905113
 66878251
 66872948
 66681977
 66610008
 66564338
 66502263
 66478935
 66429143
 66422000
 66412826
 66367517
 66355998
 66235761
 66144357
 66139873
 65791383
 65401790
 64297524
 64021089
 63943873
 62759902
 62640715
 62640413
 61905439
 61901218
 61815897
 61791261
 61763948
 61426388
 61411266
 61410854
 61251605
 61125719
 61123574
 61049501
 60867825
 60825252
 60695703
 60681176
 58737599
 58560819
 58130364
 57967789
 57917760
 57664123
 57507108
 57465670
 57307086
 57287259
 56996534
 56890336
 56884662
 56618629
 56474851
 56311147
 56280392
 55849016
 55561959
 55540222
 55495418
 49406020
 49321462
 47016520
 45817698
 42455907
 31891542
 31709929
 30334357
 30320650
 77846216
 71027314
 82208159
