 83732233
 83640969
 83588127
 83554482
 83879513
 83673154
 83644660
 45817697
 69734181
 69608612
 66843067
 72407598
 69484783
 60898003
 31925926
 72530874
 69796102
 66562180
 64297525
 45794049
 78084494
 78015884
 77228404
 75416010
 75203251
 75062380
 74302615
 71516347
 69887418
 69429395
 68848881
 68684473
 66905112
 66891708
 66671989
 66610007
 66394755
 66271796
 64466224
 64073661
 61927028
 61869639
 61609362
 61125720
 57607175
 56884661
 56733120
 55849015
 66686357
 72830234
 66433031
 77262236
 75169618
 73801139
 72392825
 69895256
 63140370
 61875617
 61791260
 57904657
 56070648
 45714015
 45668307
 45572117
 75131967
 83307012
 82549716
 79861586
 79820351
 79508439
 78451990
 78397150
 78381188
 78358431
 78233286
 78176499
 78018309
 77846217
 77485558
 77329705
 77323157
 77284131
 77278092
 77220105
 77193634
 77013923
 76050697
 75278756
 75218000
 75215751
 75212533
 75138830
 75109738
 75020686
 73736046
 73728707
 72512933
 71017360
 70045504
 69859163
 69757614
 69737717
 69701143
 69661531
 69636977
 69619703
 69509700
 68875660
 68869231
 68843962
 67795701
 67795338
 67521249
 67486231
 67476239
 67428389
 66878250
 66872947
 66825459
 66800866
 66716533
 66681976
 66641896
 66605942
 66564339
 66502262
 66478934
 66429142
 66422001
 66412827
 66367516
 66355997
 66235760
 66144356
 66139872
 65791382
 65401789
 65073709
 64310241
 64204922
 64021090
 63943874
 62758637
 62640714
 62640414
 62576095
 61905440
 61901219
 61815898
 61763947
 61426387
 61411267
 61410855
 61251604
 61123575
 61049500
 60945989
 60867826
 60825251
 60695702
 60681177
 58737600
 58560820
 58130363
 58049074
 57967788
 57917759
 57664124
 57507109
 57465671
 57315591
 57307087
 57287260
 57207340
 56996535
 56890335
 56618628
 56474852
 56311148
 56280391
 55561958
 55540223
 55495419
 49406019
 49321463
 47016521
 45955590
 42455906
 31709930
 30334358
 30320649
 31891543
 82208160
