 83879514
 83673153
 83644659
 83732232
 83640970
 83554481
 69734180
 69608613
 69895255
 57904658
 78015883
 77228403
 74302616
 69887419
 66878249
 66271797
 64297526
 61905441
 61609363
 61251603
 58049075
 57917758
 57307088
 55849014
 45955589
 66433032
 64073660
 31925925
 66843068
 78084493
 77220106
 75109739
 69859164
 68848882
 66891707
 66681975
 64466223
 64021091
 62758636
 61927027
 61869640
 57607174
 56884660
 60898002
 45794048
 82549715
 73801140
 72830233
 63140369
 45572116
 57287261
 57207341
 79508440
 78451989
 78381189
 78233287
 77329706
 77284130
 76050698
 75416011
 75217999
 75215752
 75138829
 75131966
 75020685
 72530875
 72512932
 72407599
 69796101
 69757615
 69737716
 69701142
 69636976
 69619704
 69484782
 69429394
 68684472
 67795337
 67521245
 67476240
 66905111
 66825460
 66716534
 66641895
 66610006
 66605943
 66564340
 66562181
 66412828
 66394756
 66235759
 66144355
 66139871
 65791381
 64310242
 64204921
 62640415
 62576094
 61901220
 61815899
 61763946
 61426386
 61411268
 61125721
 61123576
 60867827
 58737601
 57664125
 57507110
 57315590
 56890334
 56070649
 55540224
 49321464
 45817696
 31891544
 31709931
 30334359
 30320648
 66686356
 78358432
 77846218
 75278755
 69509701
 66800867
 72392826
 68869230
 61791259
 61410856
 56996536
 65401788
 61875616
 56618627
 83307011
 79861587
 79820352
 78397151
 78176500
 77323158
 77278093
 77193633
 77013922
 75212534
 73736045
 73728706
 71516346
 71017361
 70045503
 69661530
 68875661
 68843961
 67795700
 67486232
 67428388
 66872946
 66502261
 66478933
 66429141
 66422002
 66367515
 66355996
 65073710
 63943875
 62640713
 61049499
 60945990
 60825250
 60695701
 60681178
 58560821
 58130362
 57967787
 57465672
 56474853
 56311149
 56280390
 55561957
 55495420
 49406018
 47016522
 42455905
 82208161
