 83732231
 83640971
 83554480
 83879515
 83673152
 83644658
 45817695
 69608614
 66825461
 69895254
 75203249
 66671991
 66716535
 74302617
 68684471
 66355995
 64073659
 64021092
 60945991
 69734179
 64297527
 60825249
 78358433
 69509702
 66433033
 61411269
 72392827
 31925924
 66843069
 66605944
 66562182
 79508441
 78084492
 77228402
 75416012
 75109740
 73736044
 69887420
 69636975
 68848883
 66905110
 66891706
 66394757
 64310243
 62758635
 61763945
 61609364
 61426385
 60867828
 57607173
 57307089
 56884659
 55849013
 45955588
 83307010
 75169616
 73801141
 72830232
 63140368
 66686355
 75131965
 72530876
 72512931
 69484781
 69429393
 66610005
 66412829
 66271798
 66235758
 61125722
 60898001
 57287262
 30334360
 79820353
 76050699
 75215753
 69619705
 67795699
 66800868
 66478932
 66429140
 63943876
 62640710
 62640416
 58737602
 57207342
 31891546
 78381190
 66878248
 77846219
 66641894
 64204920
 61901221
 82549714
 72407600
 68869229
 61791258
 61410857
 57904659
 57315589
 56996537
 56070650
 45794047
 65401787
 61875615
 45572115
 79861588
 78451988
 78397152
 78233288
 78176501
 78015881
 77329707
 77323159
 77284129
 77278094
 77220107
 77193632
 77013921
 75278754
 75217998
 75212535
 75138828
 75020684
 73728705
 71516345
 71017362
 70045502
 69859165
 69796100
 69757616
 69737715
 69701141
 69661529
 68875662
 68843960
 67795336
 67521244
 67486233
 67476241
 67428387
 66872945
 66681973
 66564341
 66502259
 66422003
 66367514
 66144354
 66139870
 65791380
 65073711
 64466222
 62576093
 61927026
 61905442
 61869641
 61815900
 61251602
 61123577
 61049498
 60695700
 60681179
 58560822
 58130361
 58049076
 57967786
 57917757
 57664126
 57507111
 57465673
 56890333
 56618626
 56474854
 56311150
 56280389
 55561956
 55540225
 55495421
 49406017
 49321465
 47016523
 42455904
 31709932
 30320647
 82208162
