 61381532
 77215813
 77190688
 66961954
 66886816
 57452223
 66886111
 66455674
 66454292
 80986397
 73796932
 73794691
 66380983
 79804403
 83059505
 82846554
 81709953
 79939071
 79876052
 79876048
 79829720
 79785474
 78525311
 78420714
 78366119
 78308424
 78277071
 78228806
 77298454
 77094796
 76469142
 75215754
 75066998
 75065098
 75047224
 72734047
 71516344
 69902666
 69822445
 69785233
 69694207
 69668621
 69667909
 69470610
 69059064
 67386898
 66534256
 66497578
 66488631
 66421687
 66353377
 66344022
 64263144
 64194806
 64054000
 64017929
 64015238
 63972803
 63967160
 63961626
 62762579
 61927756
 61924455
 61860108
 61187195
 61177441
 61103162
 60979266
 60893641
 58024088
 57978446
 57970395
 57921173
 57434101
 66806179
 69560319
 69780018
 69601839
 67422616
 67369285
 66798636
 66798436
 69509703
 58290862
 31538011
 29439331
 61927025
 57837497
 31926695
 79805355
 75079408
 69421136
 56625347
 83054923
 82810771
 81709575
 79919921
 79782916
 78560052
 78515893
 78453701
 78365658
 77468096
 77465002
 77297971
 77219618
 76467693
 75176176
 75129850
 75076629
 75068848
 74903608
 74898238
 72471623
 69902056
 69467992
 66939014
 66916705
 66819149
 66684001
 66585218
 66498680
 64348750
 64195975
 64061411
 64018589
 63999023
 63972232
 63965098
 62761902
 62758634
 61909133
 61859971
 61610650
 61535572
 61425979
 61386865
 61309056
 61261655
 61081399
 61078168
 60943134
 60905015
 60822080
 60501267
 58099436
 57970784
 57921931
 57773457
 57308353
 57108301
 56925182
 45959427
 43515419
 43347707
 23433093
 82996147
 45548937
 45547758
 78588577
 83010895
 82932987
 79839308
 79831853
 79807996
 78826896
 78522598
 78514129
 78510930
 78509529
 78369460
 78307768
 78177232
 78107473
 77846220
 77488402
 77487374
 77241232
 77240629
 77210003
 77094286
 76998589
 76043053
 75115834
 75089150
 74988178
 74987974
 73806214
 73805409
 73383343
 72685931
 72460586
 72404384
 71635859
 71567369
 70045501
 69984943
 69984521
 69881549
 69832265
 69831180
 69803284
 69667116
 69568094
 69514775
 69426772
 68878326
 68875663
 68213812
 67413408
 67040042
 66872944
 66531293
 66473952
 66421681
 66353380
 66349254
 65401786
 65244585
 64345715
 64333072
 63970900
 61226052
 61209669
 61066689
 61004531
 60999282
 60695699
 60659323
 60298059
 60059754
 58107651
 57967785
 57365095
 57132104
 57012818
 56856485
 56801112
 56787569
 56765285
 49610620
 49395044
 49394669
 42775269
 42457310
 35768241
 35767793
 35767133
 35779051
 61087417
 75278507
 82260203
 78458772
 75498173
 71062148
 61380436
 61379011
 60290503
 52229845
 82996003
 79792832
 78370885
 77188353
 58055075
 56311781
 42293201
 79793841
 32537286
 29850786
 65404465
 65403867
 61876134
 56618766
 56588618
 56448580
 83040420
 82878874
 82270158
 82201071
 82145962
 80844173
 80801432
 79926632
 79917070
 79870015
 79862477
 79839753
 79232730
 78378486
 78361679
 78286858
 78223479
 78214623
 78175871
 78159743
 78128733
 77462090
 77448014
 77256362
 77236811
 77006878
 76999220
 75161134
 75156763
 75108657
 74938164
 74911351
 74902889
 73384075
 73000560
 71516206
 71018007
 70583379
 69833051
 69661528
 69659444
 69569555
 69514255
 67523915
 67523114
 67485282
 67041407
 66618099
 66616687
 66474560
 66355994
 66148183
 66139486
 65548820
 64114302
 63970584
 63021138
 61574355
 61194352
 60978320
 60658315
 60300406
 60254594
 58024726
 58022618
 57972943
 56926718
 56883065
 56819127
 56818669
 56786335
 56724089
 56503225
 56475398
 56391599
 56279669
 55559446
 49406228
 47012356
 42455903
 31571018
 30322149
 29517150
 29368366
 28543075
