 83732229
 83640973
 83554478
 83879517
 83673150
 83644656
 64297529
 69608616
 66562184
 45817693
 66843071
 66433035
 57904661
 78084490
 77278096
 77220109
 75203247
 69887422
 69796098
 68684469
 67795697
 66905108
 66800870
 66671993
 66478930
 65073713
 64466220
 64073657
 61869643
 61609366
 61125724
 57917755
 57607171
 75278752
 75169614
 73801143
 72830230
 72407602
 72392829
 63140366
 61875613
 61410859
 56070652
 31925922
 82549712
 72530878
 69734177
 45572113
 83307008
 79861590
 79820355
 79508443
 78451986
 78397154
 78381192
 78233290
 78015879
 77846222
 77329709
 77323162
 77284127
 77228400
 77193630
 77013919
 75416014
 75217996
 75212537
 75138826
 75131963
 75109742
 75020682
 73736042
 73728703
 72512929
 71516342
 71017364
 69859167
 69757619
 69737713
 69701139
 69661526
 69636973
 69619707
 69484779
 69429391
 68869227
 68848885
 68843958
 67795334
 67521242
 67486235
 67476243
 67428385
 66891704
 66878246
 66872942
 66825463
 66716537
 66686352
 66681971
 66641892
 66610003
 66605946
 66564343
 66502257
 66429138
 66422005
 66412831
 66394759
 66367512
 66271800
 66235756
 66144352
 66139868
 65791378
 64310245
 64204918
 64021094
 63943878
 62640708
 62576091
 61905444
 61901223
 61815902
 61791256
 61763943
 61426383
 61411271
 61251600
 61123579
 61049496
 60945993
 60897999
 60867830
 60825247
 60695698
 60681181
 58737604
 58560824
 58130359
 58049078
 57664128
 57507113
 57465675
 57315587
 57307091
 57287264
 57207344
 56890331
 56884657
 56618624
 56311152
 56280387
 55849011
 55561954
 55540227
 55495423
 49321467
 47016525
 45955586
 45794045
 42455901
 31891548
 31709934
 30334362
 30320645
 56906363
 82208164
