 83673149
 83644655
 66355992
 69734176
 69608617
 45817692
 66843072
 69509704
 66433036
 72392830
 69895252
 64073670
 64073656
 31925921
 69796097
 60897998
 78084489
 77329710
 77220110
 75203246
 75109743
 73736041
 69887423
 68849710
 68848887
 66891717
 66671994
 66478929
 66271801
 65073714
 64466219
 64027697
 64021095
 62758633
 61869644
 61613462
 61387892
 58737605
 57607170
 57307093
 57306954
 55849010
 28250239
 66800871
 82549711
 57289170
 57287267
 57207345
 64297530
 66878245
 66562185
 78358435
 75278759
 66641891
 61901224
 56311153
 56311145
 76050701
 75169613
 73801144
 72830229
 68869225
 68869055
 63140365
 61791255
 61411272
 61410860
 57904662
 57315586
 56996539
 56070653
 45794044
 61875612
 45572112
 79861597
 79508444
 78451985
 78397610
 78381193
 78233291
 78124204
 77284126
 77278097
 77228399
 77193629
 77013918
 75416015
 75278751
 75219379
 75217989
 75212538
 75138825
 75131962
 75020681
 72530879
 72512928
 72438688
 72407603
 71017365
 71017357
 69859168
 69757620
 69745387
 69737712
 69636972
 69619708
 69484778
 69429390
 68684468
 67795696
 67795333
 67486242
 67476244
 67428384
 66905107
 66891703
 66825464
 66716538
 66682772
 66680789
 66610002
 66605947
 66564344
 66502265
 66502254
 66501247
 66429137
 66421999
 66412832
 66394760
 66367511
 66235755
 66144345
 66139861
 65791377
 64310246
 64204917
 63944065
 63943886
 63943881
 62640428
 62640419
 62639687
 62576090
 62371243
 61905445
 61815903
 61763942
 61426376
 61423224
 61251599
 61125725
 61123580
 61053341
 60945994
 60867831
 60825254
 60825246
 60695697
 60681188
 58560825
 58130358
 58049079
 57967784
 57917754
 57664129
 57507114
 57465801
 57465678
 56890330
 56884655
 56618631
 56618623
 56280394
 56280386
 55561961
 55561953
 55540228
 55495426
 55491611
 49406014
 49321468
 47016526
 45955579
 31891300
 31709935
 30334363
 30320644
