 83879518
 83732227
 83678881
 83657071
 83640975
 83554476
 83673148
 83671304
 83644654
 72392831
 64073655
 61707861
 47555313
 45622400
 31925920
 78084488
 77220111
 73736040
 68848888
 66891702
 65073715
 64466218
 64021096
 61869645
 61426375
 57607169
 55849009
 49869996
 45955578
 66800872
 66562186
 64297531
 66843073
 69796096
 69734175
 60897997
 77228398
 75203245
 66905106
 66825465
 66671995
 66271802
 61763941
 61251598
 61125726
 66716539
 77262237
 72994748
 64091209
 57207346
 83307006
 79915108
 79861598
 79820357
 78504858
 78397155
 77323153
 77278098
 77247363
 77193638
 77183359
 75524883
 75498944
 75278761
 75217988
 75212539
 75195006
 75109734
 73728701
 72497524
 72421448
 71017355
 70100999
 69859169
 68869226
 68843966
 67486243
 67428393
 66823413
 66680790
 66650907
 66502256
 66478928
 66429136
 66367520
 66144344
 66139860
 63943879
 62640707
 61881659
 61829772
 61791254
 61652158
 61616907
 61613463
 61053342
 60825256
 60681189
 58769473
 58695691
 58560816
 58532260
 58130357
 57664130
 57465676
 57399373
 57307094
 57287265
 56884654
 56618633
 56311143
 56280396
 56070654
 55561963
 55540229
 49616361
 47016517
 46910665
 45670198
 45542058
 31891299
 31709936
 78381194
 66878244
 66641890
 61901225
 82549710
 75169612
 73801145
 72830228
 72407604
 63140364
 61410861
 57904663
 57316013
 45794043
 61875611
 72530880
 45572111
 79508445
 78451984
 78233292
 77329711
 77284125
 77013917
 75416016
 75138824
 75131961
 75020680
 72512927
 69887424
 69757621
 69737711
 69701137
 69636971
 69619709
 69608618
 69484777
 69429389
 68684467
 67795695
 67476245
 66610001
 66605948
 66564345
 66412833
 66394761
 66235754
 65791376
 64310247
 64204916
 62576089
 61905446
 61815904
 61349693
 61123581
 60945995
 60867832
 58737606
 58049080
 57917753
 57507115
 56890329
 49321469
 45817691
 30334364
 30320643
 82208165
