 83673146
 83644652
 83640976
 66716541
 69734174
 64297532
 69608620
 66843074
 72392832
 77228397
 75203243
 73736039
 69887426
 69796095
 69757622
 66671997
 64466217
 61869646
 57607168
 55849008
 75169610
 63140362
 61791253
 82549709
 61875610
 57904664
 56070655
 72530882
 58049081
 45572110
 79508447
 78451982
 78381196
 78233293
 77329712
 77284123
 77278099
 77220112
 77013916
 75416018
 75212540
 75138823
 75131959
 75020678
 73801147
 73728700
 72830226
 72512925
 72407606
 69859170
 69737710
 69701136
 69636969
 69619711
 69484775
 69429387
 67795694
 66905104
 66878243
 66825466
 66800873
 66641889
 66609999
 66605949
 66564346
 66562187
 66412835
 66394762
 66271804
 66235752
 65791375
 65073716
 64310249
 64204914
 62576088
 61905447
 61901226
 61815905
 61763940
 61410862
 61349692
 61259747
 61251597
 61125728
 61123582
 60945997
 60944687
 60897995
 60867833
 58737607
 57917752
 57664131
 57507116
 57316012
 57207347
 56890327
 55540230
 49321470
 45817689
 45794041
 31709937
 30334366
 30320642
